Layer width : c = 10

UnifP1 : 512 triangles. coef : -14.4088
UnifP2 : 512 triangles. coef : -14.4088
IsoP1H1 : 506 triangles. coef : 0.375
IsoP2H1 : 496 triangles. coef : 0.25
P1H1 : 567 triangles. coef : 0.17749
P1H1S : 536 triangles. coef : 0.601562
P2H1 : 486 triangles. coef : 0.52
P2H1S : 497 triangles. coef : 0.53125
AlgosTested = {  UnifP1,  UnifP2,  IsoP1H1,  IsoP2H1,  P1H1,  P1H1S,  P2H1,  P2H1S,  };
NbTriangles = { 512 ,   512 ,   506 ,   496 ,   567 ,   536 ,   486 ,   497 ,  };
coef = { -14.4088 ,  -14.4088 ,  0.375 ,  0.25 ,  0.17749 ,  0.601562 ,  0.52 ,  0.53125 , };
erP1L2 = { 0.0814528 ,   0.0814528 ,   0.0162328 ,   0.0141602 ,   0.00510721 ,   0.0031441 ,   0.00370966 ,   0.00328651 ,  };
erP1H1 = { 110.208 ,   110.208 ,   51.1688 ,   47.4744 ,   20.7043 ,   11.3506 ,   11.7887 ,   11.4455 ,  };
erP2L2 = { 0.0184459 ,  0.0184459 ,  0.00122366 ,  0.00112779 ,  0.000124649 ,  4.10603e-05 ,  3.76299e-05 ,  3.33696e-05 , };
erP2H1 = { 79.419 ,   79.419 ,   15.1888 ,   14.0608 ,   2.41936 ,   0.721371 ,   0.907293 ,   0.884444 ,  };
