errors : P1L2, P1H1, P2L2, P2H1
Layer width : c = 10

Uniform : 2048 triangles.
Iso PI : 2016 triangles.
P1L2 : 1962 triangles.
P1H1 : 2021 triangles.
P1H1Cond : 1974 triangles.
P2L2 : 1990 triangles.
P2H1 : 1996 triangles.
AlgosTested = { Uniform,  IsoP1, P1L2, P1H1, P1H1Cond(H1Cond = 100) ,  P2L2, P2H1,  };
NbTriangles = { 2048 ,   2016 ,   1962 ,   2021 ,   1974 ,   1990 ,   1996 ,  };
coef = { 2.782e-305 ,  19.95 ,  49.7 ,  1.875 ,  4.6 ,  22.5 ,  4.25 , };
erP1L2 = { 0.0174608 ,   0.000722464 ,   6.07148e-05 ,   0.000610244 ,   0.000260057 ,   0.000134177 ,   0.000601572 ,  };
erP1H1 = { 73.6549 ,   12.9981 ,   2.23787 ,   5.12766 ,   1.88376 ,   2.70118 ,   2.23254 ,  };
erP2L2 = { 0.00172537 ,  7.91937e-06 ,  2.43475e-07 ,  1.16496e-06 ,  5.90518e-07 ,  9.61288e-08 ,  3.66228e-07 , };
erP2H1 = { 24.5634 ,   0.601338 ,   0.0388868 ,   0.108026 ,   0.0271068 ,   0.020771 ,   0.0145237 ,  };
